3000 1032 1050 25
3000 1014 1031 30
3000 996 1013 35
3000 978 0995 40
3000 960 0977 45
3000 943 959 50
4000 1032 1050 35
4000 1014 1031 40
4000 996 1013 45
4000 978 0995 50
4000 960 0977 55
4000 943 959 60
5000 1032 1050 45
5000 1014 1031 50
5000 996 1013 55
5000 978 0995 60
5000 960 0977 65
5000 943 959 70
6000 1032 1050 55
6000 1014 1031 60
6000 996 1013 65
6000 978 0995 70
6000 960 0977 75
6000 943 959 80
18000 1032 1050 175
18000 1014 1031 180
18000 996 1013 185
18000 978 0995 190
18000 960 0977 195
18000 943 959 200
